5 5 5 0 0 0 0 6 6 3 6 6 3 6 6 0 0 0 0 0 0 0 0 0 0 0 0 0 0 0 0 0 0 0 0 0 0 0 1 1 
5 5 5 0 0 0 0 6 6 3 6 6 4 6 6 0 6 0 0 0 0 0 0 0 0 0 1 1 1 1 1 1 1 1 1 1 0 0 1 1 
5 5 5 6 6 6 6 6 6 4 6 6 4 6 6 4 6 0 0 0 0 0 0 0 0 0 1 1 1 1 1 1 1 1 1 1 6 6 6 6 
7 5 5 6 6 4 4 6 6 4 6 6 4 6 6 4 6 6 6 6 0 0 0 6 6 6 1 1 0 0 0 0 0 0 6 6 6 6 6 6 
6 6 6 6 6 4 4 6 6 4 6 6 4 6 6 4 6 6 6 6 0 0 0 6 6 6 6 6 0 0 0 0 0 0 6 6 6 6 6 6 
6 6 6 6 6 4 4 6 6 4 6 6 4 6 6 4 6 6 6 6 4 4 4 6 6 6 6 6 4 4 4 4 4 4 6 6 6 6 6 6
0 0 0 0 0 0 0 0 0 0 0 0 0 0 0 0 0 0 0 0 0 0 0 0 0 0 0 0 0 0 0 0 0 0 0 0 0 0 0 0 
0 0 0 0 0 0 0 0 0 0 0 0 0 0 0 0 0 0 0 0 0 0 0 0 0 0 0 0 0 0 0 0 0 0 0 0 0 0 0 0 
0 0 0 0 0 0 0 0 0 0 0 0 0 0 0 0 0 0 0 0 0 0 0 0 0 0 0 0 0 0 0 0 0 0 0 0 0 0 0 0 
0 0 0 0 0 0 0 0 0 0 0 0 0 0 0 0 0 0 0 0 0 0 0 0 0 0 0 0 0 0 0 0 0 0 0 0 0 0 0 0 
5 5 5 0 0 0 0 0 0 0 0 0 0 0 0 0 0 0 0 0 0 0 0 0 0 0 0 0 0 0 0 0 0 0 0 0 0 0 0 0 
5 5 5 0 0 0 0 0 0 0 0 0 0 0 0 0 0 0 0 0 0 0 0 0 0 0 0 0 0 0 0 0 0 0 0 0 0 0 0 0 
5 5 5 0 0 0 0 0 0 0 0 0 0 0 0 0 0 0 0 0 0 0 0 0 0 0 0 0 0 0 0 0 0 0 0 0 0 0 0 0 
5 5 5 0 0 0 0 0 0 0 0 0 0 0 0 0 0 0 0 0 0 0 0 0 0 0 0 0 0 0 0 0 0 0 6 6 6 6 6 6 
5 5 5 0 0 0 0 0 0 0 0 0 0 0 0 0 0 0 0 0 0 0 0 0 0 0 0 0 0 0 6 6 6 6 0 0 0 0 0 0 
5 5 5 0 0 0 0 0 0 6 6 0 0 0 0 0 0 0 0 0 0 0 0 0 0 0 0 0 0 0 0 0 0 0 0 0 0 0 0 0 
5 5 5 0 0 0 0 0 0 6 6 0 0 0 0 0 0 0 0 0 0 0 0 0 0 0 0 0 0 0 0 0 4 4 0 0 0 0 0 0 
5 5 5 0 0 0 0 0 0 0 0 0 0 6 6 0 0 0 0 0 0 0 0 0 0 0 0 0 0 0 0 0 4 4 0 0 0 0 0 0 
5 5 5 0 0 6 6 0 0 0 0 0 0 6 6 0 0 0 0 0 0 0 0 0 0 0 0 0 0 0 0 0 0 0 0 0 0 0 0 0 
5 5 5 0 0 6 6 0 0 0 0 0 0 0 0 0 0 6 6 0 0 0 0 0 6 6 0 6 6 0 0 0 0 0 0 0 0 0 0 0 
5 5 5 0 0 0 0 0 0 0 0 0 0 0 0 0 0 6 6 3 0 0 0 3 6 6 0 6 6 0 6 6 0 0 0 0 1 1 1 1 
5 5 5 0 0 0 0 0 0 0 0 0 0 0 0 0 0 0 0 3 7 7 7 3 0 0 0 0 0 0 6 6 0 6 6 0 1 1 1 1 
5 5 5 0 0 0 0 0 0 0 0 0 0 6 6 0 0 0 0 0 0 0 0 0 0 0 0 0 0 0 0 0 0 6 6 0 6 6 1 1 
5 5 5 0 0 0 0 0 0 0 6 6 3 6 6 0 0 0 0 0 0 0 0 0 0 0 0 0 0 0 0 0 0 0 0 0 6 6 1 1 
5 5 5 0 0 0 0 6 6 3 6 6 3 6 6 0 0 0 0 0 0 0 0 0 0 0 0 0 0 0 0 0 0 0 0 0 0 0 1 1 
5 5 5 0 0 0 0 6 6 3 6 6 4 6 6 0 6 0 0 0 0 0 0 0 0 0 1 1 1 1 1 1 1 1 1 1 0 0 1 1 
5 5 5 6 6 6 6 6 6 4 6 6 4 6 6 4 6 0 0 0 0 0 0 0 0 0 1 1 1 1 1 1 1 1 1 1 6 6 6 6 
7 5 5 6 6 4 4 6 6 4 6 6 4 6 6 4 6 6 6 6 0 0 0 6 6 6 1 1 0 0 0 0 0 0 6 6 6 6 6 6 
6 6 6 6 6 4 4 6 6 4 6 6 4 6 6 4 6 6 6 6 0 0 0 6 6 6 6 6 0 0 0 0 0 0 6 6 6 6 6 6 
6 6 6 6 6 4 4 6 6 4 6 6 4 6 6 4 6 6 6 6 4 4 4 6 6 6 6 6 4 4 4 4 4 4 6 6 6 6 6 6
